104.6
92.2
77.4
59.5
57.2
66.8
74.3
84.9
93.0
87.4
93.5
102.9
129.4
166.0
203.1
224.6
228.2
227.8
249.9
274.8
272.8
300.2
347.3
367.7
389.7
391.1
426.2
450.1
474.9
482.0
522.5
543.3
563.3
605.1
638.6
685.8
743.7
815.0
861.7
942.5
1019.9
1075.9
1167.8
1282.4
1428.5
1548.8
1688.9
1877.6
2086.0
2356.6
2632.1
2862.5
3211.0
3345.0
3638.1
4040.7
4346.7
4590.2
4870.2
5252.6
5657.7
5979.6
6174.0
6539.3
6878.7
7308.8
7664.1
8100.2
8608.5
9089.2
9660.6
10284.8
10621.8
10977.5
11510.7
12274.9
13093.7
13855.9
14477.6
14718.6
14418.7
14964.4
15517.9
16155.3
16691.5
17393.1
18036.6
18565.6